7753
3069
9437
508
2394
5597
9468
7362
4254
7799
5742
5726
3653
2890
3560
6736
1914
4657
7760
8912
5700
5690
4365
6374
7853
314
2185
8761
2198
3026
3559
9049
6322
4151
9774
8523
8258
2066
8928
7663
9179
3337
7235
4910
9279
6532
7899
6226
4419
4057
7919
8259
2574
6887
5154
9805
3556
9332
9729
86
9248
6294
1007
6907
765
6305
9093
6540
1193
523
4209
533
5294
4133
1530
9584
3785
7785
1687
5104
8442
2717
2336
1821
7895
5058
3394
9741
721
2926
1753
6431
4869
1823
4160
1316
2155
1794
4305
7081
3930
7873
966
3740
4915
8717
8212
5520
5686
2771
3901
2039
853
9969
8511
967
4200
9332
2611
9125
6784
8337
8857
1185
4851
6425
5325
6641
1577
2002
7619
8466
9245
6143
5567
9094
3881
4874
2408
9461
1720
5760
9424
6240
7900
8695
5633
792
3128
9732
6678
2083
8489
1209
429
3801
6599
4535
7574
1277
7685
1744
5729
319
3506
2578
7333
7838
8670
8288
2222
4961
4506
1543
5318
4410
4813
2190
7673
8701
517
6927
5379
8433
8646
1608
8923
3607
1406
4971
9743
8997
1163
2276
8226
9232
8768
2981
6337
7289
3127
6102
7359
2825
4370
2744
7133
7251
4767
3913
7965
878
59
9842
5897
2475
5843
4892
7896
6126
6761
8950
1904
7542
1832
2783
9896
36
3198
2766
2723
8330
9255
6683
8279
4158
7261
7476
4326
1653
2330
4101
6405
4283
1657
5827
1039
6675
5028
1720
3671
3663
2577
3347
9115
3698
8652
4609
4836
8853
9959
3034
1093
4302
1306
4243
566
4295
6839
942
8235
1800
2918
2347
1073
5511
9122
2235
4038
9450
6281
492
7004
1219
8843
9137
1222
4731
1185
7011
6898
7572
4418
1534
5181
2861
8380
8335
8897
1764
6434
5813
5382
2272
8268
1832
4854
5609
5460
5734
2432
2056
257
2914
5955
7856
578
4025
5485
2391
1169
2434
8379
2078
3418
4293
9326
6084
4384
329
8125
7576
2674
5391
7357
3113
3405
4998
1003
1695
6196
8877
5242
8640
672
5931
6078
2614
6367
8149
6040
5210
1017
4624
4564
2859
9420
4854
5249
3198
226
7616
981
2387
6309
2827
7794
9876
9832
2976
7367
660
6069
4568
980
9555
7527
786
9772
6277
8579
524
2824
1916
2628
3084
5383
7924
4469
2438
5849
1038
6729
6805
6812
6930
914
5276
172
375
8560
7120
6752
2472
6173
6790
9143
4397
5833
7723
6372
7572
1245
4362
4073
8907
600
9746
4967
5999
7424
2444
9478
8710
670
5710
1175
8219
6210
3438
5813
7263
8104
4272
732
5932
9938
8755
8076
9651
9977
9000
1318
2907
9670
6564
2592
8548
9109
4657
6350
7027
5104
5029
7016
5509
3954
1355
8036
8381
5186
8093
339
8233
6302
4541
6348
3295
7222
134
4692
6212
3073
3123
2357
5903
3196
2103
373
5684
1387
3055
4501
6444
9514
8980
7963
3206
5812
8099
4560
7434
2949
9120
5495
6062
8066
5009
8672
8967
3388
5297
9130
6622
3812
1744
8087
4892
9728
3315
9004
7668
7301
890
9160
9339
874
3658
7340
496
2192
5096
3944
8778
931
6955
4391
8291
1797
6447
3216
4706
278
9356
4439
2933
2579
3413
9672
8663
9435
2444
9485
7640
5456
892
7231
8636
50
9069
2243
3067
8569
9031
4108
5604
1081
6239
3999
7143
2737
4519
5297
672
3399
3094
8600
2472
271
1841
2665
7016
4125
2992
9849
4224
313
8642
4539
3711
5895
3996
7688
7292
7959
3906
9902
6945
9155
8130
7889
762
678
9766
7905
2513
2852
8611
7451
6712
8069
8443
1370
493
659
9878
6559
8726
2683
4768
735
2812
2430
4916
6966
4382
6652
6108
8629
9965
1257
6692
6502
887
3986
6793
174
1166
697
6671
195
1277
3532
6706
6741
1323
5679
4658
4301
4693
4077
1567
2744
9404
9544
62
8143
9286
1688
8186
7392
8778
8353
7274
5328
4095
2164
3695
1312
1424
7045
8523
1350
9747
407
7928
1310
6897
9215
8957
5405
9435
4232
4026
7531
1578
5289
968
5134
6066
8157
8309
3996
840
570
1864
365
7020
4350
1152
1605
4661
6522
9578
3469
8885
1731
2263
2246
3310
1452
1925
468
2100
5515
3470
4657
6741
542
6327
8697
9617
6856
9256
3643
6741
8570
5159
1590
5965
5911
7723
178
6620
1391
9089
7772
1387
4424
548
8070
3851
162
5955
9899
5951
6922
5885
6679
2991
9691
3259
378
8349
6786
3859
1016
9482
1188
3003
4489
4791
1144
4553
4090
7777
4165
4259
2944
3350
877
3043
5999
692
7819
8671
3730
4472
3609
365
2759
5802
1347
3482
6786
1630
7166
5892
4822
9501
8703
5659
5680
4994
27
1279
3117
5623
2928
44
484