5327
9703
3768
4964
4304
8243
4854
4666
75
3472
5698
7301
3976
4240
3799
1829
748
3309
4478
295
686
9574
4232
7267
7598
2063
7782
3543
4295
8476
8602
672
2002
3151
8018
7089
27
7590
3046
306
470
9133
2206
4589
5906
5626
9844
7528
62
6315
6421
6266
2087
2748
2862
9416
7103
7930
2783
5972
9958
3598
944
616
2947
7218
6169
432
3337
6163
646
4909
81
663
3905
3474
2303
7753
5741
3577
9773
3317
8489
2987
3662
6989
9705
1793
558
1284
2207
1826
47
7793
9007
4088
2502
7149
3634
1701
6256
6814
5281
9053
2439
735
3773
5342
7159
7588
9014
8101
3819
2385
5866
8905
5447
787
7158
209
2160
892
3172
3556
8651
2705
936
9015
5837
9508
6621
5370
7276
42
2787
5648
4610
7660
2448
4154
6424
6251
7026
8413
762
7918
9472
7291
7728
6831
95
4068
3638
6599
4643
7208
5113
5035
6766
5434
6552
8462
3531
5811
5129
1219
9664
8706
8982
4620
2217
249
2397
1827
647
5574
9295
3915
2123
2219
8100
6403
7959
1319
6915
4990
9032
338
232
6340
9356
4158
4313
999
7868
516
9502
1636
8619
4052
2747
7088
476
7134
1930
2527
7527
4706
5127
3721
2720
4672
1345
6135
7726
5897
9519
2370
1375
470
8707
2430
4097
2028
9550
7310
7266
4681
5141
3964
9593
2926
1265
3209
1445
887
8965
487
6360
6255
9295
8701
5880
7168
8714
2526
2921
762
8914
9738
810
2291
5766
1812
2589
2903
4306
6155
1882
6488
6418
3448
2604
354
7679
7226
687
8213
9373
227
2021
5122
9903
4623
6533
8988
6627
3842
1465
2118
7940
2776
2284
8600
9169
192
607
4259
9472
2200
7458
5273
5864
3414
2525
785
4680
487
9954
8286
785
8095
9472
608
6696
5346
5130
2660
1222
1711
5920
9058
7966
7347
4304
4301
184
3299
9679
1180
8313
4663
1068
8019
2228
8216
5073
7773
2131
3645
1363
916
4340
7552
2226
2904
2536
7168
1652
2860
146
6828
5495
3477
5829
2501
2206
1003
4919
8931
8034
5604
5744
5435
3792
4389
3255
853
1231
3487
5451
2719
5970
2650
3846
1872
4360
997
8499
6229
7011
9811
3658
8439
9109
2971
7878
5714
4466
4496
9069
1813
6692
4104
5800
3320
2701
9225
3844
8913
178
530
8042
5392
6419
5823
5727
4593
5565
6971
5757
4272
8943
9863
2698
2337
464
4810
4265
9558
5046
9647
5978
3482
8927
7295
7629
5745
6990
2381
3649
4131
4237
2093
7041
6352
7519
9726
1620
8675
322
772
9249
2289
3925
8434
8400
7004
5226
2276
9498
1500
5774
2319
5956
3215
8273
7509
7807
1432
5078
4053
9719
7672
3346
359
8592
63
8597
8934
9393
7117
8833
3302
5155
9755
1084
6526
4313
3693
1683
7629
6470
9552
7433
8226
1983
7963
1449
1879
311
6460
1521
2649
3385
62
7727
203
9635
4570
3925
2176
1903
2243
1981
5418
3413
28
5139
1277
994
6380
5620
5732
6504
2954
4591
1200
7293
4832
2326
6869
6223
3301
4114
5247
5204
48
1655
4724
7261
1368
8181
5584
4878
2595
22
5286
6972
8364
5089
5798
783
3924
3197
9254
3919
5566
5728
4900
8854
6850
9692
1150
7065
1102
2234
4619
4468
4769
3200
1016
9493
8540
9992
8090
2048
6116
6489
9605
3733
5468
5089
9667
3837
8543
6167
2594
3785
640
7116
6463
6739
8618
6142
401
752
5809
1866
7764
1390
2455
7590
8625
9858
4168
5790
3267
5100
8143
3006
8724
7731
6884
4889
5999
1253
9583
7857
1750
89
2479
8762
7916
1048
3599
7612
2936
7816
6096
1660
5032
4574
9723
3918
2463
2159
709
2420
6730
4977
5355
468
6575
5111
4695
4932
6660
9526
1302
8155
2616
6427
2057
7282
2338
1607
4327
2691
1610
2382
8519
8424
9351
2434
3908
9057
5114
1041
2726
6612
1729
6400
3235
7536
6538
2247
6319
5849
2576
9634
3379
84
6621
9222
5311
2843
39
7973
6340
9257
5644
3684
3622
9524
9188
8627
2191
8697
9096
3004
8141
9534
1595
946
6696
3760
614
1681
2480
3444
7747
5635
3977
3749
3063
3278
6811
4963
6
509
2460
5209
3660
5426
7111
3981
2481
1446
1062
2654
675
4098
4000
6375
9430
34
5089
2485
8722
6554
9833
8348
3623
6151
2369
1913
3676
501
2252
3861
1784
277
9301
1636
5764
3797
4232
5319
2406
6903
7921
4666
681
1449
5444
9100
2561
1701
1880
592
8004
1061
2021
5325
1957
668
1816
7559
3378
6184
6945
9389
4135
4660
1264
5786
8339
5725
9441
7151
6569
7431
2601
6807
837
3288
6291
3269
2348
2657
811
39
223
1980
4343
7354
429
5615
493
8710
3818
3175
6478
5579
4300
5531
9981
5009
3719
746
7249
1425