2931
8962
77
9572
7422
2465
2103
6722
8767
121
4048
1049
1583
4314
9267
9086
8711
5413
5666
6019
6236
9778
1039
6538
8059
3995
7885
812
6274
2058
1835
9484
6508
7516
1719
8668
779
8537
1450
917
7653
3386
8309
6772
6243
3377
9126
9507
9220
7988
1875
5632
8221
5210
4729
2635
1994
2323
585
1839
5091
1070
5092
3468
453
9697
6477
4101
1897
7600
6216
132
9072
9873
3034
8054
3939
62
2030
6260
5594
8743
4917
9716
7166
7115
6264
5855
1044
4055
4871
6996
1615
2897
5127
8457
9851
7669
2613
8129
489
4256
7141
8918
1729
5331
2093
5020
3420
1078
90
7267
746
1274
5860
1467
2844
607
6747
383
711
2493
1580
4620
9966
3614
6161
1375
1196
7008
2534
7593
2427
7576
2091
5721
7846
7169
9014
8445
4123
1641
3003
1018
1740
6537
2219
3839
32
4735
5104
4058
1031
516
9187
1355
4843
2658
8210
2948
1410
9409
2624
7146
179
9564
5892
3750
9540
2118
8354
6025
6370
5530
3796
3996
1813
6384
2675
822
4538
313
3945
8754
7166
9116
3035
1676
7589
6124
1493
8959
6569
6054
788
5981
1575
5202
1671
6101
7252
5423
7349
6888
4522
6448
3862
6734
1033
7323
331
6870
6026
5910
5798
7907
9545
909
6839
9663
742
4631
5272
6708
2609
8915
9378
4111
3099
5389
3620
5817
4280
952
1324
7697
7427
3440
6440
331
4286
8569
460
8954
135
639
7525
4961
6217
3149
8140
6081
6629
8108
2858
8082
9639
173
5443
2122
258
8240
7279
8022
7140
6551
745
5606
6831
1380
1536
6040
440
7400
2846
760
2298
8609
1130
3527
531
4293
5118
6377
8291
9148
1884
7867
3061
8822
3222
9059
4318
9929
2502
8050
6731
4775
7728
2356
8955
8463
5105
1345
9605
8671
2724
610
2487
8690
7493
7748
7542
4178
7230
7486
6654
4408
4480
4353
4241
6054
9273
9152
9943
6550
3288
8584
3195
6229
1620
2883
3972
6468
2595
8936
3145
5981
3905
7108
9799
9554
6378
8261
4123
1609
5857
2160
3777
1942
1116
5541
1214
2832
7047
1330
7958
1520
3374
4979
1868
9753
5058
4095
4997
5675
6302
8977
9984
5054
7790
4494
9678
6147
1992
5422
9039
970
6146
382
59
2101
4213
1683
3476
6907
4040
5389
9555
2105
7237
518
2940
5149
6172
6037
3127
7959
5514
6885
6202
2534
4667
6141
2103
1899
5905
5313
5901
2531
520
4257
2197
555
8784
1314
1619
1842
1752
8114
6561
9917
709
9822
1829
9221
2716
6022
3227
9532
7990
9584
6932
434
8834
4107
3755
402
2673
2635
9
958
5327
3071
7712
1895
1078
6935
2806
6339
8833
2956
8839
196
5850
2290
6728
985
7875
3762
9077
2130
1211
8854
9728
2605
2865
4351
2731
8113
3037
6725
5674
9505
8125
3854
2615
4161
6766
7636
7967
9678
8391
2610
9826
9517
8036
1721
8555
9388
7669
9807
1657
4939
7110
3969
4928
5443
8801
5577
6307
1161
2060
1996
1094
2507
4318
9104
5293
2073
6442
1396
8526
3655
487
3769
2275
476
3546
2061
5335
2218
4792
1062
9418
8797
6168
946
6445
3697
6900
3666
8598
9888
7904
4538
5910
1064
2912
4085
6093
7528
3528
6624
4494
1049
7212
5120
5309
6213
6173
1532
8278
11
5412
3392
4752
9319
5966
5989
2156
6927
3370
5775
7031
1932
3321
4738
5022
8769
9603
8328
7499
4173
821
45
5220
5021
8875
1711
9540
4987
2791
6988
426
3791
4530
3881
8294
6624
8116
7917
5979
2761
8909
6531
5104
4162
9909
9492
9847
8374
4502
5648
4401
1757
6549
3365
6832
8759
1890
1369
2664
440
6167
5434
1059
2523
560
3781
1872
7669
3054
2973
2567
255
849
4839
478
8782
1363
4738
6524
3214
1886
2676
1244
6693
6636
1652
4642
3431
9662
7854
7843
9877
653
5186
2400
7495
7153
1665
9675
3661
6884
800
1259
3373
3494
2898
6982
3960
7138
2562
9550
774
4494
8910
8845
2443
8592
8821
4165
9190
5471
8957
695
1034
8394
4250
8536
2873
9701
5636
536
9926
9366
3322
9386
5536
1024
9611
1088
299
9190
6879
8967